3	1
CanonicalDE	ConILS	SPSO07	
6	109
1	49	1	1	517.78	1
2	2	1	-1	548.273	-2
3	1	-1	-1	545.892	-1
4	1	-1	-1	523.933	-1
5	2	-1	-1	519.372	-1
6	11	-1	-1	518.768	-1
7	1	-1	-1	518.311	-1
8	2	-1	-1	518.213	-1
9	11	-1	-1	518.067	-1
10	10	-1	-1	518.063	-1
11	15	-1	-1	517.931	-1
12	18	-1	-1	517.83	-1
13	17	-1	-1	517.802	-1
14	31	-1	-1	517.787	-1
15	37	-1	-1	517.78	-1
16	2	1	-1	613.013	-2
17	1	-1	-1	552.348	-1
18	1	-1	-1	542.239	-1
19	1	-1	-1	528.929	-1
20	1	-1	-1	522.075	-1
21	1	-1	-1	519.752	-1
22	2	-1	-1	519.476	-1
23	2	-1	-1	518.442	-1
24	3	-1	-1	518.137	-1
25	18	-1	-1	517.841	-1
26	18	-1	-1	517.789	-1
27	2	1	-1	565.929	-2
28	4	-1	-1	518.754	-1
29	5	-1	-1	518.627	-1
30	3	-1	-1	518.477	-1
31	10	-1	-1	518.057	-1
32	7	-1	-1	517.963	-1
33	10	-1	-1	517.82	-1
34	2	1	-1	526.817	-2
35	1	-1	-1	522.717	-1
36	2	-1	-1	520.335	-1
37	8	-1	-1	518.295	-1
38	2	1	-1	531.728	-2
39	1	-1	-1	522.921	-1
40	1	-1	-1	519.047	-1
41	2	-1	-1	518.714	-1
42	1	-1	-1	518.172	-1
43	2	1	-1	523.331	-2
44	1	-1	-1	521.657	-1
45	1	-1	-1	518.989	-1
46	3	-1	-1	518.295	-1
47	2	1	-1	739.334	-2
48	0	-1	-1	612.169	-1
49	1	-1	-1	597.615	-1
50	1	-1	-1	543.685	-1
51	1	-1	-1	535.794	-1
52	1	-1	-1	525.816	-1
53	2	-1	-1	518.407	-1
54	4	-1	-1	518.202	-1
55	2	1	-1	650.058	-2
56	1	-1	-1	569.205	-1
57	1	-1	-1	525.516	-1
58	1	-1	-1	525.214	-1
59	1	-1	-1	521.506	-1
60	2	1	-1	565.919	-2
61	1	-1	-1	539.736	-1
62	1	-1	-1	523.961	-1
63	1	-1	-1	520.752	-1
64	2	-1	-1	518.969	-1
65	2	1	-1	532.189	-2
66	0	-1	-1	522.971	-1
67	1	-1	-1	521.054	-1
68	1	-1	-1	519.743	-1
69	1	-1	-1	518.5	-1
70	1	-1	-1	524.388	-1
71	1	-1	-1	523.755	-1
72	2	-1	-1	517.897	-1
73	1	-1	-1	525.506	-1
74	1	-1	-1	524.615	-1
75	1	-1	-1	523.475	-1
76	1	-1	-1	521.91	-1
77	1	-1	-1	519.97	-1
78	1	-1	-1	519.781	-1
79	1	-1	-1	519.279	-1
80	1	-1	-1	518.125	-1
81	1	-1	-1	520.987	-1
82	1	-1	-1	520.886	-1
83	1	-1	-1	520.036	-1
84	1	-1	-1	519.688	-1
85	1	-1	-1	519.429	-1
86	1	-1	-1	519.011	-1
87	1	-1	-1	518.756	-1
88	2	-1	-1	518.604	-1
89	0	-1	-1	551.243	-1
90	1	-1	-1	530.198	-1
91	1	-1	-1	525.897	-1
92	1	-1	-1	519.095	-1
93	0	-1	-1	543.064	-1
94	1	-1	-1	534.622	-1
95	1	-1	-1	521.879	-1
96	2	-1	-1	520.526	-1
97	0	-1	-1	554.845	-1
98	1	-1	-1	550.844	-1
99	1	-1	-1	533.199	-1
100	1	-1	-1	526.804	-1
101	1	-1	-1	526.699	-1
102	1	-1	-1	522.597	-1
103	1	-1	-1	520.594	-1
104	1	-1	-1	519.881	-1
105	1	-1	-1	524.183	-1
106	2	-1	-1	523.066	-1
107	1	-1	-1	519.857	-1
108	3	-1	-1	517.919	-1
109	2	-1	-1	517.86	-1
3	191
2	3	1
3	4	1
4	5	1
5	6	1
6	7	1
7	8	1
8	9	1
9	10	1
10	11	2
11	6	1
6	12	1
12	13	11
13	14	8
14	1	6
1	15	17
15	1	32
16	17	1
17	18	1
18	19	1
19	20	1
20	21	1
21	22	1
22	23	1
23	24	1
24	11	1
11	25	4
25	12	8
13	26	9
26	14	13
14	15	18
15	14	4
27	28	2
28	29	1
29	28	1
28	30	1
30	9	1
9	8	1
8	31	1
31	32	6
32	11	6
11	10	8
10	25	3
25	6	1
6	25	7
25	33	5
33	12	9
12	33	2
26	13	3
34	35	1
35	36	1
36	25	1
25	37	1
37	9	2
9	14	1
14	11	1
10	6	5
38	39	1
39	40	1
40	41	1
41	42	1
42	11	1
11	14	1
14	26	5
26	15	1
43	44	1
44	45	1
45	24	1
24	46	1
46	29	1
29	24	1
24	31	1
47	48	0
48	49	1
49	50	1
50	51	1
51	52	1
52	23	1
23	28	1
28	37	1
37	53	1
53	37	1
37	54	2
54	29	1
29	9	3
9	54	1
54	9	2
9	31	5
31	9	2
55	56	1
56	57	1
57	58	1
58	59	1
59	30	1
30	54	1
54	46	1
46	37	1
31	6	1
6	11	1
12	25	2
25	13	2
1	14	1
60	61	1
61	62	1
62	63	1
63	64	1
64	37	1
37	6	1
65	33	1
25	14	1
2	66	0
66	67	1
67	68	1
68	53	1
53	29	1
12	26	2
16	33	0
33	15	1
15	69	1
69	11	1
28	64	1
64	31	1
11	33	1
33	25	1
12	14	1
14	13	1
34	70	1
70	71	1
71	72	1
72	26	2
38	73	1
73	74	1
74	75	1
75	76	1
76	77	1
77	78	1
78	79	1
79	41	1
41	37	1
37	80	1
80	31	1
9	32	1
32	10	1
43	81	1
81	82	1
82	36	1
36	83	1
83	84	1
84	5	1
5	85	1
85	86	1
86	87	1
87	88	1
88	37	1
37	29	1
47	89	0
89	90	1
90	91	1
91	92	1
92	88	1
88	31	1
31	11	1
55	93	0
93	94	1
94	95	1
95	96	1
96	30	1
30	46	1
46	6	1
6	33	1
60	97	0
97	98	1
98	99	1
99	100	1
100	101	1
101	102	1
102	103	1
103	104	1
104	22	1
22	37	1
9	11	1
65	105	1
105	106	1
106	107	1
107	106	1
106	108	1
108	109	2
109	108	2
108	72	1
26	1	1
1	96	1
96	14	1
